2191510560
2194111676
2195011943
2196123331
2196514485
2181312425
2181312427
2181414670
2183214656
2183214664
2183324680
2184114614
2184214553
2184214562
2186110001
2193211079
2201313161
2201313164
2201412027
2201412040
2201412044
2201412072
2203211093
2203211403
2203211422
2203211452
2203221091
2203312492
2203312496
2203312502
2203520497
2203710865
2204120515
2204215024
2204313327
2204323325
2205110886
2205110925
2205213082
2205213083
2206110713
2206113575
2206113596
2206113908
2206123576
2206123593
